=== NUMERICAL DESCRIPTIVE STATISTICS ===
       Variable    Mean      SD   Variance Median     IQR       Min     Q1
1        Profit  28.657 234.260  54877.798  8.666  27.635 -6599.978  1.729
2         Sales 229.858 623.245 388434.455 54.490 192.660     0.444 17.280
3      Discount   0.156   0.206      0.043  0.200   0.200     0.000  0.000
4      Quantity   3.790   2.225      4.951  3.000   3.000     1.000  2.000
5 Shipping_Days   3.959   1.747      3.052  4.000   2.000     0.000  3.000
       Q3       Max Skewness Kurtosis
1  29.364  8399.976    7.560  396.989
2 209.940 22638.480   12.971  305.158
3   0.200     0.800    1.684    2.408
4   5.000    14.000    1.278    1.990
5   5.000     7.000   -0.422   -0.286
